Urban population (% of total population),Gender Development Index,COUNTRY,CSSSA LEGAL?,CONST.,BROAD PROT.,EMPLOY.,HATE CRIME,INCITEMENT,BAN CONV. THERAPIES,SAME SEX MARRIAGE,CIVIL UNIONS,JOINT ADOPTION,SECOND PARENT ADOPTION
26.026,0.695,Afghanistan,0,0,0.0,0.0,0.0,0.0,0.0,0,0.0,0.0,0.0
62.112,0.978,Albania,1,0,1.0,1.0,1.0,1.0,0.0,0,0.0,0.0,0.0
73.733,0.879,Algeria,0,0,0.0,0.0,0.0,0.0,0.0,0,0.0,0.0,0.0
66.825,0.906,Angola,1,0,1.0,1.0,1.0,1.0,0.0,0,0.0,0.0,0.0
92.111,0.999,Argentina,1,0,0.5,0.5,1.0,0.0,0.5,1,1.0,1.0,1.0
63.313,1.005,Armenia,1,0,0.0,0.0,0.0,0.0,0.0,0,0.0,0.0,0.0
86.241,0.967,Australia,1,0,1.0,1.0,0.5,1.0,0.5,1,1.0,1.0,1.0
58.748,0.974,Austria,1,0,1.0,1.0,1.0,1.0,0.0,1,1.0,1.0,1.0
56.397,0.976,Azerbaijan,1,0,0.0,0.0,0.0,0.0,0.0,0,0.0,0.0,0.0
83.245,1.006,Bahamas,1,0,0.0,0.0,0.0,0.0,0.0,0,0.0,0.0,0.0
89.506,0.963,Bahrain,1,0,0.0,0.0,0.0,0.0,0.0,0,0.0,0.0,0.0
38.177,0.907,Bangladesh,0,0,0.0,0.0,0.0,0.0,0.0,0,0.0,0.0,0.0
31.191,1.029,Barbados,0,0,0.0,1.0,0.0,0.0,0.0,0,0.0,0.0,0.0
79.483,1.01,Belarus,1,0,0.0,0.0,0.0,0.0,0.0,0,0.0,0.0,0.0
98.079,0.974,Belgium,1,0,1.0,1.0,1.0,1.0,0.0,1,1.0,1.0,1.0
46.025,0.99,Belize,1,0,0.0,0.0,0.0,0.0,0.0,0,0.0,0.0,0.0
48.415,0.845,Benin,1,0,0.0,0.0,0.0,0.0,0.0,0,0.0,0.0,0.0
42.316,0.98,Bhutan,0,0,0.0,0.0,0.0,0.0,0.0,0,0.0,0.0,0.0
70.123,0.966,Bolivia,1,1,1.0,1.0,1.0,1.0,0.0,0,0.0,0.0,0.0
70.877,0.988,Botswana,1,0,0.0,1.0,0.0,0.0,0.0,0,0.0,0.0,0.0
87.073,0.996,Brazil,1,0,1.0,1.0,1.0,1.0,1.0,1,1.0,1.0,1.0
75.686,0.997,Bulgaria,1,0,1.0,1.0,0.0,1.0,0.0,0,0.0,0.0,0.0
30.607,0.879,Burkina Faso,1,0,0.0,0.0,0.0,0.0,0.0,0,0.0,0.0,0.0
13.708,0.967,Burundi,0,0,0.0,0.0,0.0,0.0,0.0,0,0.0,0.0,0.0
24.232,0.926,Cambodia,1,0,0.0,0.0,0.0,0.0,0.0,0,0.0,0.0,0.0
57.56,0.902,Cameroon,0,0,0.0,0.0,0.0,0.0,0.0,0,0.0,0.0,0.0
81.562,0.988,Canada,1,0,1.0,1.0,1.0,1.0,0.5,1,1.0,1.0,1.0
23.52,0.774,Chad,0,0,0.0,0.0,1.0,0.0,0.0,0,0.0,0.0,0.0
87.727,0.969,Chile,1,0,1.0,1.0,1.0,0.0,0.0,0,1.0,0.0,0.0
61.428,0.963,China,1,0,0.0,0.0,0.0,0.0,0.0,0,0.0,0.0,0.0
81.425,0.988,Colombia,1,0,1.0,1.0,1.0,1.0,0.0,1,1.0,1.0,1.0
29.38,0.912,Comoros,0,0,0.0,0.0,0.0,0.0,0.0,0,0.0,0.0,0.0
67.829,0.907,Congo,1,0,0.0,0.0,0.0,0.0,0.0,0,0.0,0.0,0.0
80.771,0.994,Costa Rica,1,0,0.0,1.0,0.0,0.0,0.0,1,0.0,1.0,1.0
57.553,0.991,Croatia,1,0,1.0,1.0,1.0,1.0,0.0,0,1.0,0.0,0.0
77.194,0.971,Cuba,1,1,1.0,1.0,0.0,0.0,0.0,0,0.0,0.0,0.0
66.821,0.974,Cyprus,1,0,1.0,1.0,1.0,1.0,0.0,0,1.0,0.0,0.0
88.116,0.981,Denmark,1,0,0.5,1.0,1.0,1.0,0.0,1,0.0,1.0,1.0
78.062,0.844,Djibouti,1,0,0.0,0.0,0.0,0.0,0.0,0,0.0,0.0,0.0
82.54,1.025,Dominican Republic,1,0,0.0,0.5,0.0,0.0,0.0,0,0.0,0.0,0.0
31.32,0.931,East Timor,1,0,0.0,0.0,1.0,0.0,0.0,0,0.0,0.0,0.0
64.166,1.011,Ecuador,1,1,1.0,1.0,1.0,1.0,1.0,1,1.0,0.0,0.0
42.783,0.88,Egypt,1,0,0.0,0.0,0.0,0.0,0.0,0,0.0,0.0,0.0
73.444,0.969,El Salvador,1,0,0.0,0.5,1.0,0.0,0.0,0,0.0,0.0,0.0
69.229,1.019,Estonia,1,0,1.0,1.0,0.0,1.0,0.0,0,1.0,0.0,1.0
24.171,0.981,Eswatini,0,0,0.0,0.0,0.0,0.0,0.0,0,0.0,0.0,0.0
21.695,0.921,Ethiopia,0,0,0.0,0.0,0.0,0.0,0.0,0,0.0,0.0,0.0
57.247,0.937,Fiji,1,1,1.0,1.0,0.0,0.5,0.5,0,0.0,0.0,0.0
85.517,0.99,Finland,1,0,1.0,1.0,1.0,1.0,0.0,1,0.0,1.0,1.0
80.975,0.99,France,1,0,1.0,1.0,1.0,1.0,0.0,1,1.0,1.0,1.0
90.092,0.982,Gabon,1,0,0.0,0.0,0.0,0.0,0.0,0,0.0,0.0,0.0
62.582,0.94,Gambia,0,0,0.0,0.0,0.0,0.0,0.0,0,0.0,0.0,0.0
59.453,1.003,Georgia,1,0,1.0,1.0,1.0,0.0,0.0,0,0.0,0.0,0.0
77.453,0.962,Germany,1,0,1.0,1.0,0.0,0.0,1.0,1,0.0,1.0,1.0
57.349,0.933,Ghana,0,0,0.0,0.0,0.0,0.0,0.0,0,0.0,0.0,0.0
79.715,0.97,Greece,1,0,0.0,1.0,1.0,1.0,0.0,0,1.0,0.0,0.0
36.537,0.995,Grenada,0,0,0.0,0.0,0.5,0.0,0.0,0,0.0,0.0,0.0
51.836,0.917,Guatemala,1,0,0.0,0.0,0.0,0.0,0.0,0,0.0,0.0,0.0
36.875,0.816,Guinea,0,0,0.0,0.0,0.0,0.0,0.0,0,0.0,0.0,0.0
44.196,0.864,Guinea-Bissau,1,0,0.0,0.0,0.0,0.0,0.0,0,0.0,0.0,0.0
26.786,0.985,Guyana,0,0,0.0,0.0,0.0,0.0,0.0,0,0.0,0.0,0.0
57.088,0.93,Haiti,1,0,0.0,0.0,0.5,0.0,0.0,0,0.0,0.0,0.0
58.359,0.989,Honduras,1,0,1.0,1.0,1.0,1.0,0.0,0,0.0,0.0,0.0
71.942,0.983,Hungary,1,0,1.0,1.0,1.0,1.0,0.0,0,1.0,0.0,0.0
93.898,0.982,Iceland,1,0,1.0,1.0,0.0,1.0,0.0,1,0.0,1.0,1.0
34.926,0.838,India,1,0,0.0,0.0,0.0,0.0,0.0,0,0.0,0.0,0.0
75.874,0.881,Iran,0,0,0.0,0.0,0.0,0.0,0.0,0,0.0,0.0,0.0
70.893,0.784,Iraq,1,0,0.0,0.0,0.0,0.0,0.0,0,0.0,0.0,0.0
63.653,0.978,Ireland,1,0,1.0,1.0,0.0,1.0,0.0,1,0.0,1.0,1.0
92.587,0.992,Israel,1,0,1.0,1.0,0.0,0.5,0.0,0,1.0,1.0,1.0
71.039,0.971,Italy,1,0,0.5,1.0,0.0,0.0,0.0,0,1.0,0.0,0.0
56.311,1.015,Jamaica,0,0,0.0,0.5,0.0,0.0,0.0,0,0.0,0.0,0.0
91.782,0.964,Japan,1,0,0.5,0.5,0.0,0.0,0.0,0,0.5,0.0,0.0
91.418,0.885,Jordan,1,0,0.0,0.0,0.0,0.0,0.0,0,0.0,0.0,0.0
57.671,1.002,Kazakhstan,1,0,0.0,0.0,0.0,0.0,0.0,0,0.0,0.0,0.0
27.995,0.944,Kenya,0,0,0.0,0.0,0.0,0.0,0.0,0,0.0,0.0,0.0
55.594,0.965,Kiribati,0,0,0.0,1.0,0.0,0.0,0.0,0,0.0,0.0,0.0
100.0,1.017,Kuwait,0,0,0.0,0.0,0.0,0.0,0.0,0,0.0,0.0,0.0
36.856,0.965,Kyrgyzstan,1,0,0.0,0.0,0.0,0.0,0.0,0,0.0,0.0,0.0
36.29,0.919,Laos,1,0,0.0,0.0,0.0,0.0,0.0,0,0.0,0.0,0.0
68.315,1.02,Latvia,1,0,0.0,1.0,0.0,0.0,0.0,0,0.0,0.0,0.0
88.925,0.927,Lebanon,0,0,0.0,0.0,0.0,0.0,0.0,0,0.0,0.0,0.0
29.028,0.994,Lesotho,1,0,0.0,0.0,0.0,0.0,0.0,0,0.0,0.0,0.0
52.089,0.86,Liberia,0,0,0.0,1.0,0.0,0.0,0.0,0,0.0,0.0,0.0
80.691,0.988,Libya,0,0,0.0,0.0,0.0,0.0,0.0,0,0.0,0.0,0.0
14.416,0.949,Liechtenstein,1,0,1.0,1.0,0.0,1.0,0.0,0,1.0,0.0,0.0
68.046,1.024,Lithuania,1,0,1.0,1.0,1.0,1.0,0.0,0,0.0,0.0,0.0
91.453,0.99,Luxembourg,1,0,1.0,1.0,0.0,1.0,0.0,1,1.0,1.0,1.0
38.534,0.946,Madagascar,1,0,0.0,0.0,0.0,0.0,0.0,0,0.0,0.0,0.0
17.427,0.936,Malawi,0,0,0.0,0.0,0.0,0.0,0.0,0,0.0,0.0,0.0
77.16,0.984,Malaysia,0,0,0.0,0.0,0.0,0.0,0.0,0,0.0,0.0,0.0
40.669,0.973,Maldives,0,0,0.0,0.0,0.0,0.0,0.0,0,0.0,0.0,0.0
43.909,0.834,Mali,1,0,0.0,0.0,0.0,0.0,0.0,0,0.0,0.0,0.0
94.744,0.983,Malta,1,1,1.0,1.0,1.0,1.0,1.0,1,1.0,1.0,1.0
77.794,0.932,Marshall Islands,1,0,1.0,1.0,0.0,0.0,0.0,0,0.0,0.0,0.0
55.327,0.874,Mauritania,0,0,0.0,0.0,0.0,0.0,0.0,0,0.0,0.0,0.0
40.76,0.985,Mauritius,0,0,1.0,1.0,0.0,0.0,0.0,0,0.0,0.0,0.0
80.731,0.984,Mexico,1,1,1.0,1.0,0.5,1.0,0.5,1,0.5,0.5,0.5
42.849,1.026,Moldova,1,0,0.0,1.0,0.0,1.0,0.0,0,0.0,0.0,0.0
68.657,1.045,Mongolia,1,0,1.0,1.0,1.0,0.0,0.0,0,0.0,0.0,0.0
67.488,0.968,Montenegro,1,0,1.0,1.0,1.0,1.0,0.0,0,1.0,0.0,0.0
63.532,0.85,Morocco,0,0,0.0,0.0,0.0,0.0,0.0,0,0.0,0.0,0.0
37.074,0.927,Mozambique,1,0,0.0,1.0,0.0,0.0,0.0,0,0.0,0.0,0.0
31.141,0.96,Myanmar,0,0,0.0,0.0,0.0,0.0,0.0,0,0.0,0.0,0.0
52.033,1.007,Namibia,0,0,0.0,0.0,0.0,0.0,0.0,0,0.0,0.0,0.0
100.0,1.036,Nauru,1,0,0.0,0.0,0.0,0.0,0.5,0,0.0,0.0,0.0
20.576,0.884,Nepal,1,1,1.0,1.0,0.0,0.0,0.0,0,0.0,0.0,0.0
92.236,0.959,Netherlands,1,0,1.0,1.0,0.5,1.0,0.0,1,1.0,1.0,1.0
86.699,0.969,New Zealand,1,0,1.0,1.0,1.0,0.5,0.0,1,1.0,1.0,1.0
59.012,0.949,Nicaragua,1,0,0.0,1.0,1.0,0.0,0.0,0,0.0,0.0,0.0
16.626,0.819,Niger,1,0,0.0,0.0,0.0,0.0,0.0,0,0.0,0.0,0.0
51.958,0.867,Nigeria,0,0,0.0,0.0,0.0,0.0,0.0,0,0.0,0.0,0.0
58.482,0.947,North Macedonia,1,0,1.0,1.0,1.0,0.0,0.0,0,0.0,0.0,0.0
82.974,0.984,Norway,1,0,1.0,1.0,1.0,1.0,0.0,1,0.0,1.0,1.0
86.276,0.943,Oman,0,0,0.0,0.0,0.0,0.0,0.0,0,0.0,0.0,0.0
37.165,0.831,Pakistan,0,0,0.0,0.0,0.0,0.0,0.0,0,0.0,0.0,0.0
80.988,1.003,Palau,1,0,0.0,0.0,0.0,0.0,0.0,0,0.0,0.0,0.0
68.414,1.027,Panama,1,0,0.0,0.0,0.0,0.0,0.0,0,0.0,0.0,0.0
13.345,0.924,Papua New Guinea,0,0,0.0,0.0,0.0,0.0,0.0,0,0.0,0.0,0.0
62.183,0.991,Paraguay,1,0,0.0,0.0,0.0,0.0,0.0,0,0.0,0.0,0.0
78.297,0.963,Peru,1,0,1.0,1.0,1.0,1.0,0.0,0,0.0,0.0,0.0
47.408,0.987,Philippines,1,0,0.5,0.5,0.0,0.0,0.0,0,0.0,0.0,0.0
60.043,1.009,Poland,1,0,0.0,1.0,0.0,0.0,0.0,0,0.0,0.0,0.0
66.31,0.994,Portugal,1,1,1.0,1.0,1.0,1.0,0.0,1,1.0,1.0,1.0
99.235,1.018,Qatar,0,0,0.0,0.0,0.0,0.0,0.0,0,0.0,0.0,0.0
54.194,0.966,Romania,1,0,1.0,1.0,1.0,0.5,0.0,0,0.0,0.0,0.0
74.754,1.015,Russia,1,0,0.0,0.0,0.0,0.0,0.0,0,0.0,0.0,0.0
17.432,0.942,Rwanda,1,0,0.0,0.0,0.0,0.0,0.0,0,0.0,0.0,0.0
18.841,1.022,Saint Lucia,0,0,0.0,1.0,0.5,0.0,0.0,0,0.0,0.0,0.0
17.889,0.97,Samoa,0,0,0.0,1.0,1.0,0.0,0.5,0,0.0,0.0,0.0
97.499,0.977,San Marino,1,1,1.0,1.0,1.0,1.0,0.0,0,1.0,0.0,1.0
84.287,0.919,Saudi Arabia,0,0,0.0,0.0,0.0,0.0,0.0,0,0.0,0.0,0.0
48.122,0.914,Senegal,0,0,0.0,0.0,0.0,0.0,0.0,0,0.0,0.0,0.0
56.446,0.986,Serbia,1,0,1.0,1.0,1.0,1.0,0.0,0,0.0,0.0,0.0
57.546,1.07,Seychelles,1,0,0.0,1.0,0.0,0.0,0.0,0,0.0,0.0,0.0
42.923,0.887,Sierra Leone,0,0,0.0,0.0,0.0,0.0,0.0,0,0.0,0.0,0.0
100.0,0.993,Singapore,0,0,0.0,0.0,0.0,0.5,0.0,0,0.0,0.0,0.0
53.76,0.995,Slovakia,1,0,1.0,1.0,1.0,1.0,0.0,0,0.0,0.0,0.0
55.118,1.003,Slovenia,1,0,1.0,1.0,0.0,1.0,0.0,0,1.0,0.0,1.0
24.67,0.958,Solomon Islands,0,0,0.0,0.0,0.0,0.0,0.0,0,0.0,0.0,0.0
67.354,0.984,South Africa,1,1,1.0,1.0,0.0,1.0,0.0,1,1.0,1.0,1.0
81.414,0.946,South Korea,1,0,0.5,0.5,0.0,0.0,0.0,0,0.0,0.0,0.0
80.81,0.991,Spain,1,0,1.0,1.0,1.0,1.0,0.5,1,1.0,1.0,1.0
18.713,0.96,Sri Lanka,0,0,0.0,0.0,0.0,0.0,0.0,0,0.0,0.0,0.0
35.253,0.868,Sudan,0,0,0.0,0.0,0.0,0.0,0.0,0,0.0,0.0,0.0
66.149,0.99,Suriname,1,0,1.0,1.0,0.0,1.0,0.0,0,0.0,0.0,0.0
87.977,0.987,Sweden,1,1,1.0,1.0,1.0,1.0,0.0,1,0.0,1.0,1.0
73.915,0.971,Switzerland,1,0,0.5,1.0,0.0,1.0,0.0,0,1.0,0.0,1.0
55.475,0.805,Syria,0,0,0.0,0.0,0.0,0.0,0.0,0,0.0,0.0,0.0
27.506,0.915,Tajikistan,1,0,0.0,0.0,0.0,0.0,0.0,0,0.0,0.0,0.0
35.227,0.958,Tanzania,0,0,0.0,0.0,0.0,0.5,0.0,0,0.0,0.0,0.0
51.43,1.012,Thailand,1,0,0.0,1.0,0.0,0.0,0.0,0,0.0,0.0,0.0
42.8,0.852,Togo,0,0,0.0,0.0,0.0,0.0,0.0,0,0.0,0.0,0.0
23.099,0.99,Tonga,0,0,0.0,0.0,0.0,0.0,0.0,0,0.0,0.0,0.0
53.214,0.99,Trinidad and Tobago,1,0,0.0,0.0,0.0,0.0,0.0,0,0.0,0.0,0.0
69.568,0.934,Tunisia,0,0,0.0,0.0,0.0,0.0,0.0,0,0.0,0.0,0.0
76.105,0.938,Turkey,1,0,0.0,0.0,0.0,0.0,0.0,0,0.0,0.0,0.0
64.014,0.981,Tuvalu,0,0,0.0,1.0,0.0,0.0,0.0,0,0.0,0.0,0.0
24.954,0.9,Uganda,0,0,0.0,0.0,0.0,0.0,0.0,0,0.0,0.0,0.0
69.608,1.013,Ukraine,1,0,0.0,1.0,0.0,0.0,0.0,0,0.0,0.0,0.0
87.048,0.98,United Arab Emirates,0,0,0.0,0.0,0.0,0.0,0.0,0,0.0,0.0,0.0
83.903,0.988,United Kingdom,1,0,1.0,1.0,1.0,1.0,0.0,1,1.0,1.0,1.0
82.664,0.999,United States,1,0,0.5,1.0,1.0,0.0,0.5,1,0.5,1.0,1.0
95.515,1.022,Uruguay,1,0,1.0,1.0,1.0,1.0,0.5,1,1.0,1.0,1.0
50.416,0.915,Uzbekistan,0,0,0.0,0.0,0.0,0.0,0.0,0,0.0,0.0,0.0
25.525,0.935,Vanuatu,1,0,0.0,0.5,0.0,0.0,0.0,0,0.0,0.0,0.0
88.279,1.001,Venezuela,1,0,0.0,1.0,0.0,0.0,0.0,0,0.0,0.0,0.0
37.34,1.003,Vietnam,1,0,0.0,0.0,0.0,0.0,0.0,0,0.0,0.0,0.0
37.908,0.464,Yemen,0,0,0.0,0.0,0.0,0.0,0.0,0,0.0,0.0,0.0
44.629,0.945,Zambia,0,0,0.0,0.0,0.0,0.0,0.0,0,0.0,0.0,0.0
32.242,0.936,Zimbabwe,0,0,0.0,0.0,0.0,0.0,0.0,0,0.0,0.0,0.0
